[Pipeline] Working coordinate system: EPSG:32643
[Pipeline] Loading gravity (gz) data from gravity_complete_1km.csv
[Pipeline] gravity_complete_1km.csv: thinned to 1296 data ({'kind': 'points', 'cell_m': 2000.0, 'n_before': 5040})
[Pipeline] gravity: removed regional field (polynomial, order 2): data std 10.32 -> 9.61
[Pipeline] Loading magnetics (tmi) data from magnetic_1km.csv
[Pipeline] magnetic_1km.csv: thinned to 1296 data ({'kind': 'points', 'cell_m': 2000.0, 'n_before': 5041})
[Pipeline] magnetics: removed regional field (polynomial, order 2): data std 274.1 -> 271.8
[Pipeline] Loading topography from dem_utm43n_450m.tif
[Pipeline] Mesh design (user): 2000 m x 500 m cells, core 10000 m deep, padding 20000 m
[Pipeline] gravity: 264 of 1296 stations were inside ground cells and moved up to the top of their column (by 199.1 m on average, at most 347.5 m)
[Pipeline] tensor mesh: 54675 cells (50959 active), 2592 observations, topography: dem
[Pipeline] Note: PGI regularizes the models by its rock units and their smoothness; regularization_type='sparse' and the coupling weight are not used

Running inversion with SimPEG v0.25.2
================================================= Projected GNCG =================================================
  #     beta     phi_d     phi_m       f      |proj(x-g)-x|  LS   iter_CG   CG |Ax-b|/|b|  CG |Ax-b|   Comment   
-----------------------------------------------------------------------------------------------------------------
   0  3.46e-11  3.76e+05  4.09e+08  3.76e+05                         0           inf          inf                
   1  3.46e-11  8.28e+03  2.16e+14  1.58e+04    1.74e+02      0     100       1.42e-03     1.49e+02              
   2  3.46e-11  6.08e+03  4.00e+13  7.47e+03    1.68e+02      1     100       2.71e-02     2.87e+02              
   3  3.46e-11  7.67e+03  3.44e+13  8.86e+03    1.76e+02      1     100       2.54e-02     4.45e+02              
   4  3.46e-11  7.14e+03  3.54e+13  8.36e+03    1.76e+02      0     100       2.29e-02     5.19e+02              
   5  3.46e-11  2.03e+03  3.34e+13  3.18e+03    1.75e+02      0     100       2.48e-02     4.66e+02              
   6  3.46e-11  1.75e+03  3.17e+13  2.85e+03    1.68e+02      1     100       4.15e-02     4.55e+02              
   7  3.46e-11  1.75e+03  3.11e+13  2.83e+03    1.69e+02      3     100       5.05e-02     4.96e+02              
   8  3.46e-11  1.75e+03  3.02e+13  2.80e+03    1.73e+02      2     100       5.52e-02     5.41e+02              
   9  3.46e-11  1.61e+03  2.94e+13  2.63e+03    1.79e+02      1     100       5.23e-02     4.92e+02              
  10  3.46e-11  1.51e+03  2.91e+13  2.52e+03    1.76e+02      2     100       5.26e-02     4.39e+02              
  11  3.46e-11  1.36e+03  2.92e+13  2.37e+03    1.70e+02      2     100       5.15e-02     4.09e+02              
  12  3.46e-11  1.31e+03  2.92e+13  2.33e+03    1.63e+02      2     100       4.25e-02     3.49e+02              
  13  3.46e-11  1.21e+03  2.93e+13  2.22e+03    1.63e+02      2     100       3.83e-02     3.34e+02              
  14  3.46e-11  1.20e+03  2.93e+13  2.21e+03    1.62e+02      3     100       4.32e-02     3.28e+02              
  15  3.46e-11  1.13e+03  2.95e+13  2.15e+03    1.67e+02      2     100       4.63e-02     3.26e+02              
  16  3.46e-11  1.03e+03  3.02e+13  2.08e+03    1.69e+02      1     100       4.84e-02     2.91e+02              
  17  3.46e-11  1.03e+03  3.05e+13  2.09e+03    1.65e+02      2     100       4.95e-02     2.59e+02              
  18  3.46e-11  1.01e+03  3.06e+13  2.07e+03    1.65e+02      3     100       4.43e-02     2.28e+02              
  19  3.46e-11  1.02e+03  3.08e+13  2.08e+03    1.63e+02      3     100       4.20e-02     2.02e+02              
  20  3.46e-11  9.92e+02  3.66e+13  2.26e+03    1.62e+02      2     100       4.82e-02     2.26e+02              
  21  3.46e-11  9.44e+02  4.38e+13  2.46e+03    1.58e+02      0     100       5.19e-02     2.24e+02              
  22  3.46e-11  9.59e+02  5.60e+13  2.90e+03    1.61e+02      2     100       3.61e-02     1.78e+02              
  23  3.46e-11  9.72e+02  7.06e+13  3.42e+03    1.59e+02      4     100       5.71e-02     2.88e+02              
  24  3.46e-11  1.00e+03  8.76e+13  4.04e+03    1.69e+02      4     100       5.58e-02     2.61e+02              
  25  3.46e-11  1.20e+03  1.01e+14  4.70e+03    1.74e+02      2     100       5.86e-02     2.59e+02              
  26  3.46e-11  1.36e+03  9.37e+13  4.61e+03    1.76e+02      1     100       4.30e-02     2.02e+02              
  27  3.46e-11  1.38e+03  9.28e+13  4.59e+03    1.66e+02      3     100       4.41e-02     2.09e+02              
  28  3.46e-11  1.39e+03  9.23e+13  4.59e+03    1.65e+02      4     100       7.05e-02     3.03e+02              
  29  3.46e-11  1.40e+03  9.19e+13  4.59e+03    1.66e+02      4     100       6.94e-02     2.72e+02              
  30  3.46e-11  1.41e+03  9.13e+13  4.57e+03    1.67e+02      2     100       5.13e-02     1.87e+02              
  31  3.46e-11  1.31e+03  9.14e+13  4.47e+03    1.69e+02      0     100       3.43e-02     1.12e+02              
  32  3.46e-11  1.29e+03  9.20e+13  4.48e+03    1.47e+02      1     100       3.59e-02     8.28e+01              
  33  3.46e-11  1.32e+03  9.19e+13  4.50e+03    1.48e+02      6     100       1.08e-01     1.94e+02              
  34  3.46e-11  1.35e+03  9.18e+13  4.53e+03    1.55e+02      5     100       7.57e-02     1.25e+02              
  35  3.46e-11  1.37e+03  9.19e+13  4.56e+03    1.59e+02      3     100       6.65e-02     9.91e+01              
  36  3.46e-11  1.33e+03  9.31e+13  4.55e+03    1.68e+02      1     100       4.68e-02     7.39e+01              
  37  3.46e-11  1.29e+03  9.35e+13  4.53e+03    1.70e+02      2     100       3.77e-02     7.09e+01              
  38  3.46e-11  1.28e+03  9.37e+13  4.53e+03    1.69e+02      2     100       5.17e-02     7.99e+01              
  39  3.46e-11  1.27e+03  9.40e+13  4.52e+03    1.58e+02      2     100       4.97e-02     7.39e+01              
  40  3.46e-11  1.27e+03  9.40e+13  4.52e+03    1.54e+02     11     100       6.40e-02     8.98e+01              
  41  3.46e-11  1.27e+03  9.39e+13  4.52e+03    1.53e+02      4     100       7.13e-02     1.03e+02              
  42  3.46e-11  1.25e+03  9.43e+13  4.52e+03    1.51e+02      1     100       4.33e-02     6.33e+01              
  43  3.46e-11  1.25e+03  9.69e+13  4.61e+03    1.49e+02      0     100       2.84e-02     4.26e+01              
  44  3.46e-11  1.26e+03  1.00e+14  4.72e+03    1.30e+02      3     100       5.10e-02     6.86e+01              
  45  3.46e-11  1.26e+03  1.03e+14  4.82e+03    1.32e+02      5     100       1.08e-01     1.30e+02              
  46  3.46e-11  1.26e+03  1.06e+14  4.92e+03    1.44e+02      5     100       7.91e-02     8.51e+01              
  47  3.46e-11  1.27e+03  1.08e+14  5.01e+03    1.49e+02      4     100       6.54e-02     6.56e+01              
  48  3.46e-11  1.32e+03  1.09e+14  5.09e+03    1.53e+02      1     100       5.04e-02     4.80e+01              
  49  3.46e-11  1.36e+03  1.07e+14  5.08e+03    1.46e+02      0     100       3.73e-02     3.84e+01              
  50  3.46e-11  1.36e+03  1.07e+14  5.08e+03    1.22e+02      4     100       7.18e-02     7.55e+01              
  51  3.46e-11  1.36e+03  1.07e+14  5.08e+03    1.23e+02      5     100       8.04e-02     7.86e+01              
  52  3.46e-11  1.37e+03  1.07e+14  5.08e+03    1.22e+02      4     100       4.27e-02     3.86e+01              
  53  3.46e-11  1.37e+03  1.07e+14  5.07e+03    1.27e+02      2     100       5.77e-02     4.95e+01              
  54  3.46e-11  1.36e+03  1.07e+14  5.07e+03    1.33e+02      1     100       2.84e-02     2.43e+01              
  55  3.46e-11  1.36e+03  1.07e+14  5.07e+03    1.28e+02      2     100       4.31e-02     3.38e+01              
  56  3.46e-11  1.36e+03  1.07e+14  5.07e+03    1.22e+02      4     100       7.78e-02     4.72e+01              
  57  3.46e-11  1.36e+03  1.07e+14  5.07e+03    1.22e+02      2     100       5.67e-02     3.20e+01              
  58  3.46e-11  1.35e+03  1.07e+14  5.07e+03    1.16e+02      2     100       4.41e-02     2.17e+01              
  59  3.46e-11  1.35e+03  1.07e+14  5.07e+03    1.08e+02      2     100       6.02e-02     2.80e+01              
  60  3.46e-11  1.35e+03  1.07e+14  5.07e+03    1.05e+02      2     100       4.31e-02     1.84e+01              
------------------------- STOP! -------------------------
1 : |fc-fOld| = 1.2168e-01 <= tolF*(1+|f0|) = 3.7607e+04
1 : |xc-x_last| = 2.0964e-02 <= tolX*(1+|x0|) = 1.0226e-01
0 : |proj(x-g)-x|    = 1.0477e+02 <= tolG          = 1.0000e-01
0 : |proj(x-g)-x|    = 1.0477e+02 <= 1e3*eps       = 1.0000e-02
1 : maxIter   =      60    <= iter          =     60
------------------------- DONE! -------------------------
pgi 2929 s
